pre_depth;post_depth;offset;action;timestamp;operation;pid;size
0;1;408013635584;D;0.000000000;OP_READ;12574;4096
1;2;408013651968;D;0.000017760;OP_READ;12574;4096
2;3;408013656064;D;0.000023210;OP_READ;12574;4096
3;4;408013643776;D;0.000030527;OP_READ;12574;4096
4;3;408013651968;C;0.000126764;OP_READ;0;4096
3;2;408013635584;C;0.000135328;OP_READ;0;4096
2;1;408013643776;C;0.000155410;OP_READ;0;4096
1;0;408013656064;C;0.000171676;OP_READ;49;4096
0;1;408147812352;D;0.000216427;OP_READ;12574;4096
1;0;408147812352;C;0.000322902;OP_READ;0;4096
0;1;408147820544;D;2.998084375;OP_READ;12595;4096
1;0;408147820544;C;2.998199378;OP_READ;0;4096
0;1;408147738624;D;4.526278018;OP_READ;12640;4096
1;0;408147738624;C;4.526442616;OP_READ;0;4096
0;1;416603443200;D;6.025967308;OP_READ;1095;4096
1;0;416603443200;C;6.026137905;OP_READ;0;4096
0;1;416740081664;D;6.026203389;OP_WRITE;12640;4096
1;0;416740081664;C;6.026256444;OP_WRITE;0;4096
0;1;238598684672;D;7.244228759;OP_WRITE;11901;28672
1;0;238598684672;C;7.244368978;OP_WRITE;0;28672
0;1;238598713344;D;7.244407251;OP_WRITE;70;4096
1;0;238598713344;C;7.244449717;OP_WRITE;0;4096
0;1;-8388608;D;7.256410939;OP_WRITE;12645;4096
1;2;-8290304;D;7.256413465;OP_WRITE;12645;8192
2;3;270574682112;D;7.256415887;OP_WRITE;12645;4096
3;4;401571057664;D;7.256418474;OP_WRITE;12645;4096
4;5;416603443200;D;7.256421591;OP_WRITE;12645;4096
5;4;-8388608;C;7.256496232;OP_WRITE;0;4096
4;3;-8290304;C;7.256501769;OP_WRITE;0;8192
3;2;270574682112;C;7.256505434;OP_WRITE;0;4096
2;1;401571057664;C;7.256519268;OP_WRITE;0;4096
1;0;416603443200;C;7.256531932;OP_WRITE;0;4096
