# no ncq_depth pid
2 1 12180
3 0 0
4 1 12180
5 2 12180
6 3 12180
7 4 12180
8 5 12180
9 6 12180
10 7 12180
11 8 12180
12 9 12180
13 10 12180
14 9 0
15 8 0
16 7 0
17 6 0
18 5 0
19 4 12180
20 3 12180
21 2 12180
22 1 12180
23 0 12180
24 1 12268
25 0 0
26 1 12268
27 0 0
28 1 12288
29 0 0
30 1 12288
31 0 0
32 1 12335
33 0 0
34 1 12335
35 0 0
36 1 12335
37 0 0
38 1 12335
39 0 0
40 1 12335
41 0 0
42 1 12335
43 0 0
44 1 12335
45 0 0
46 1 12335
47 0 0
48 1 1095
49 0 0
50 1 12335
51 0 0
52 1 11901
53 0 0
54 1 125
55 0 0
56 1 12341
57 2 12341
58 3 12341
59 4 12341
60 5 12341
61 6 12341
62 5 0
63 4 0
64 3 0
65 2 0
66 1 0
67 0 0
