pre_depth;post_depth;offset;action;timestamp;operation;pid;size
0;1;29495296;D;0.000000000;OP_READ;21576;4096
1;0;29495296;C;0.000169741;OP_READ;0;4096
0;1;49728229376;D;1.423326577;OP_READ;21453;4096
1;0;49728229376;C;1.423476172;OP_READ;0;4096
0;1;49728233472;D;1.423527336;OP_READ;21453;16384
1;0;49728233472;C;1.423694200;OP_READ;0;16384
0;1;49728212992;D;1.424234100;OP_READ;21453;4096
1;0;49728212992;C;1.424369457;OP_READ;0;4096
0;1;49728217088;D;1.424418677;OP_READ;21453;12288
1;0;49728217088;C;1.424546045;OP_READ;0;12288
0;1;49726615552;D;1.427133929;OP_READ;21453;4096
1;0;49726615552;C;1.427248767;OP_READ;0;4096
0;1;49726619648;D;1.427276795;OP_READ;21453;16384
1;0;49726619648;C;1.427447181;OP_READ;0;16384
0;1;49728344064;D;1.428690221;OP_READ;21453;4096
1;0;49728344064;C;1.428846476;OP_READ;0;4096
0;1;49726595072;D;1.429253779;OP_READ;21453;4096
1;0;49726595072;C;1.429389777;OP_READ;0;4096
0;1;49726599168;D;1.429423994;OP_READ;21453;16384
1;0;49726599168;C;1.429610680;OP_READ;0;16384
0;1;49728409600;D;1.430255680;OP_READ;21453;4096
1;0;49728409600;C;1.430407100;OP_READ;0;4096
0;1;49728401408;D;1.432015239;OP_READ;21453;4096
1;0;49728401408;C;1.432153099;OP_READ;0;4096
0;1;49728405504;D;1.432182273;OP_READ;21453;4096
1;2;49728413696;D;1.432185063;OP_READ;21453;8192
2;1;49728405504;C;1.432305735;OP_READ;0;4096
1;0;49728413696;C;1.432321202;OP_READ;21453;8192
0;1;49726574592;D;1.434678197;OP_READ;21453;4096
1;0;49726574592;C;1.434817725;OP_READ;0;4096
0;1;49726578688;D;1.434844349;OP_READ;21453;16384
1;0;49726578688;C;1.434997353;OP_READ;0;16384
0;1;49726636032;D;1.436112258;OP_READ;21453;32768
1;0;49726636032;C;1.436339745;OP_READ;21453;32768
0;1;49728348160;D;1.436480840;OP_READ;21453;16384
1;0;49728348160;C;1.436675507;OP_READ;0;16384
0;1;49726345216;D;1.442244065;OP_READ;21453;4096
1;0;49726345216;C;1.442396726;OP_READ;0;4096
0;1;49729261568;D;1.443769343;OP_READ;21453;8192
1;0;49729261568;C;1.443957982;OP_READ;0;8192
0;1;49526317056;D;1.445601864;OP_READ;21673;4096
1;0;49526317056;C;1.445757755;OP_READ;0;4096
0;1;49526321152;D;1.445805029;OP_READ;21673;16384
1;0;49526321152;C;1.445957766;OP_READ;0;16384
0;1;49729036288;D;1.446613299;OP_READ;21673;4096
1;0;49729036288;C;1.446740126;OP_READ;0;4096
0;1;49729040384;D;1.446763573;OP_READ;21673;16384
1;0;49729040384;C;1.446912486;OP_READ;0;16384
0;1;49727553536;D;1.447895472;OP_READ;21673;4096
1;0;49727553536;C;1.448004165;OP_READ;0;4096
0;1;49726795776;D;1.448341321;OP_READ;21673;4096
1;0;49726795776;C;1.448449834;OP_READ;0;4096
0;1;49728610304;D;1.449339778;OP_READ;21673;4096
1;0;49728610304;C;1.449465876;OP_READ;0;4096
0;1;49728614400;D;1.449488809;OP_READ;21673;16384
1;0;49728614400;C;1.449639507;OP_READ;0;16384
0;1;49727569920;D;1.450232622;OP_READ;21673;4096
1;0;49727569920;C;1.450346137;OP_READ;0;4096
0;1;49727700992;D;1.492761234;OP_READ;21673;4096
1;0;49727700992;C;1.492910293;OP_READ;0;4096
0;1;49727705088;D;1.492952352;OP_READ;21673;16384
1;0;49727705088;C;1.493089328;OP_READ;0;16384
0;1;49727688704;D;1.494706124;OP_READ;21673;4096
1;0;49727688704;C;1.494844534;OP_READ;0;4096
0;1;49727647744;D;1.495212848;OP_READ;21673;4096
1;0;49727647744;C;1.495349456;OP_READ;0;4096
0;1;49729306624;D;1.495823353;OP_READ;21673;4096
1;0;49729306624;C;1.495976854;OP_READ;0;4096
0;1;49727741952;D;1.496498832;OP_READ;21673;4096
1;0;49727741952;C;1.496633970;OP_READ;0;4096
0;1;49727815680;D;1.497021620;OP_READ;21673;4096
1;0;49727815680;C;1.497154366;OP_READ;0;4096
0;1;49727819776;D;1.497174625;OP_READ;21673;16384
1;0;49727819776;C;1.497310567;OP_READ;0;16384
0;1;49727684608;D;1.498024517;OP_READ;21673;4096
1;0;49727684608;C;1.498161073;OP_READ;0;4096
0;1;49727836160;D;1.498659341;OP_READ;21673;32768
1;0;49727836160;C;1.498884491;OP_READ;21673;32768
0;1;49727983616;D;1.499006980;OP_READ;21673;4096
1;0;49727983616;C;1.499121001;OP_READ;0;4096
0;1;49727811584;D;1.499426015;OP_READ;21673;4096
1;0;49727811584;C;1.499568806;OP_READ;0;4096
0;1;49726124032;D;1.500093009;OP_READ;21673;4096
1;0;49726124032;C;1.500245601;OP_READ;0;4096
0;1;49726164992;D;1.502124463;OP_READ;21673;4096
1;0;49726164992;C;1.502277827;OP_READ;0;4096
0;1;49726132224;D;1.504119095;OP_READ;21673;4096
1;0;49726132224;C;1.504272106;OP_READ;0;4096
0;1;49726136320;D;1.504291490;OP_READ;21673;16384
1;0;49726136320;C;1.504447736;OP_READ;0;16384
0;1;49726328832;D;1.505242572;OP_READ;21673;4096
1;0;49726328832;C;1.505398933;OP_READ;0;4096
0;1;49726332928;D;1.505422698;OP_READ;21673;12288
1;0;49726332928;C;1.505578172;OP_READ;0;12288
0;1;49726152704;D;1.506238129;OP_READ;21673;12288
1;2;49726169088;D;1.506244058;OP_READ;21673;8192
2;1;49726152704;C;1.506414318;OP_READ;0;12288
1;0;49726169088;C;1.506421548;OP_READ;0;8192
0;1;49728098304;D;1.506865725;OP_READ;21673;4096
1;0;49728098304;C;1.507003276;OP_READ;0;4096
0;1;49727655936;D;1.507893270;OP_READ;21673;4096
1;0;49727655936;C;1.508007443;OP_READ;0;4096
0;1;49727660032;D;1.508048525;OP_READ;21673;16384
1;0;49727660032;C;1.508212041;OP_READ;0;16384
0;1;49729335296;D;1.509121522;OP_READ;21673;4096
1;0;49729335296;C;1.509247905;OP_READ;0;4096
0;1;49727758336;D;1.509928953;OP_READ;21673;4096
1;0;49727758336;C;1.510037402;OP_READ;0;4096
0;1;49727725568;D;1.511479703;OP_READ;21673;4096
1;0;49727725568;C;1.511588763;OP_READ;0;4096
0;1;49727795200;D;1.514422294;OP_READ;21673;4096
1;0;49727795200;C;1.514532541;OP_READ;0;4096
0;1;49727799296;D;1.514563857;OP_READ;21673;12288
1;0;49727799296;C;1.514711662;OP_READ;0;12288
0;1;49729302528;D;1.515402828;OP_READ;21673;4096
1;0;49729302528;C;1.515528622;OP_READ;0;4096
0;1;49728876544;D;1.517384691;OP_READ;21673;4096
1;0;49728876544;C;1.517508016;OP_READ;0;4096
0;1;49728827392;D;1.518268066;OP_READ;21673;4096
1;0;49728827392;C;1.518395227;OP_READ;0;4096
0;1;49728532480;D;1.519359066;OP_READ;21673;4096
1;0;49728532480;C;1.519468832;OP_READ;0;4096
0;1;49728536576;D;1.519493391;OP_READ;21673;16384
1;0;49728536576;C;1.519667168;OP_READ;0;16384
0;1;49728552960;D;1.520001287;OP_READ;21673;32768
1;0;49728552960;C;1.520224160;OP_READ;21673;32768
0;1;49728528384;D;1.522836176;OP_READ;21673;4096
1;0;49728528384;C;1.522950572;OP_READ;0;4096
0;1;49726865408;D;1.523339122;OP_READ;21673;4096
1;0;49726865408;C;1.523448398;OP_READ;0;4096
0;1;49726754816;D;1.525200991;OP_READ;21673;4096
1;0;49726754816;C;1.525309980;OP_READ;0;4096
0;1;49728512000;D;1.526257341;OP_READ;21673;4096
1;0;49728512000;C;1.526365097;OP_READ;0;4096
0;1;49728475136;D;1.527870491;OP_READ;21673;4096
1;0;49728475136;C;1.527996728;OP_READ;0;4096
0;1;49728479232;D;1.528019618;OP_READ;21673;16384
1;0;49728479232;C;1.528174930;OP_READ;0;16384
0;1;49728090112;D;1.528712921;OP_READ;21673;4096
1;0;49728090112;C;1.528822260;OP_READ;0;4096
0;1;49728495616;D;1.529273716;OP_READ;21673;16384
1;2;49728516096;D;1.529280022;OP_READ;21673;12288
2;3;49728585728;D;1.529282191;OP_READ;21673;8192
3;2;49728516096;C;1.529436728;OP_READ;0;12288
2;1;49728495616;C;1.529464320;OP_READ;0;16384
1;0;49728585728;C;1.529491211;OP_READ;21673;8192
0;1;49726464000;D;1.530064028;OP_READ;21673;4096
1;0;49726464000;C;1.530188264;OP_READ;0;4096
0;1;49726468096;D;1.530210302;OP_READ;21673;16384
1;0;49726468096;C;1.530366262;OP_READ;0;16384
0;1;49727692800;D;1.532993071;OP_READ;21673;8192
1;0;49727692800;C;1.533122849;OP_READ;0;8192
0;1;49729318912;D;1.533617838;OP_READ;21673;4096
1;0;49729318912;C;1.533741867;OP_READ;0;4096
0;1;49726484480;D;1.594368270;OP_READ;21673;24576
1;0;49726484480;C;1.594565913;OP_READ;0;24576
0;1;49727942656;D;1.595649829;OP_READ;21673;4096
1;0;49727942656;C;1.595758823;OP_READ;0;4096
0;1;49727946752;D;1.595778428;OP_READ;21673;16384
1;0;49727946752;C;1.595933591;OP_READ;0;16384
0;1;49526312960;D;1.797927931;OP_READ;21673;4096
1;0;49526312960;C;1.798049866;OP_READ;0;4096
0;1;49526374400;D;1.799104457;OP_READ;21673;4096
1;0;49526374400;C;1.799228648;OP_READ;0;4096
0;1;49526378496;D;1.801431731;OP_READ;21673;16384
1;0;49526378496;C;1.801593998;OP_READ;0;16384
0;1;49532575744;D;1.802171326;OP_READ;21673;4096
1;0;49532575744;C;1.802293459;OP_READ;0;4096
0;1;49526394880;D;1.802659404;OP_READ;21673;32768
1;0;49526394880;C;1.802875866;OP_READ;21673;32768
0;1;49534382080;D;1.803024390;OP_READ;21673;4096
1;0;49534382080;C;1.803146171;OP_READ;0;4096
0;1;49534369792;D;1.804102796;OP_READ;21673;4096
1;0;49534369792;C;1.804209032;OP_READ;0;4096
0;1;49526362112;D;1.805216303;OP_READ;21673;4096
1;0;49526362112;C;1.805321170;OP_READ;0;4096
0;1;49526366208;D;1.805339739;OP_READ;21673;8192
1;0;49526366208;C;1.805450148;OP_READ;0;8192
0;1;49526349824;D;1.807506178;OP_READ;21673;4096
1;0;49526349824;C;1.807629751;OP_READ;0;4096
0;1;49526353920;D;1.807645228;OP_READ;21673;8192
1;0;49526353920;C;1.807784067;OP_READ;0;8192
0;1;49526427648;D;1.808643273;OP_READ;21673;61440
1;0;49526427648;C;1.808959094;OP_READ;21673;61440
0;1;49526341632;D;1.809012003;OP_READ;21673;4096
1;0;49526341632;C;1.809132811;OP_READ;0;4096
0;1;49526345728;D;1.809432392;OP_READ;21673;4096
1;0;49526345728;C;1.809537492;OP_READ;0;4096
0;1;49522913280;D;1.810507853;OP_READ;21673;16384
1;0;49522913280;C;1.810658240;OP_READ;0;16384
0;1;49532481536;D;1.814576885;OP_READ;21673;4096
1;0;49532481536;C;1.814716064;OP_READ;0;4096
0;1;49532485632;D;1.814738235;OP_READ;21673;16384
1;0;49532485632;C;1.814902896;OP_READ;0;16384
0;1;49521393664;D;1.827520827;OP_READ;21673;4096
1;0;49521393664;C;1.827672634;OP_READ;0;4096
0;1;49521397760;D;1.827698544;OP_READ;21673;16384
1;0;49521397760;C;1.827887411;OP_READ;0;16384
0;1;49728155648;D;1.839310646;OP_READ;21673;4096
1;0;49728155648;C;1.839464641;OP_READ;0;4096
0;1;49534398464;D;1.869377633;OP_READ;21676;4096
1;0;49534398464;C;1.869542562;OP_READ;0;4096
0;1;49534390272;D;1.870442099;OP_READ;21676;4096
1;0;49534390272;C;1.870602126;OP_READ;0;4096
0;1;49525202944;D;1.871249974;OP_READ;21676;4096
1;0;49525202944;C;1.871391330;OP_READ;0;4096
0;1;49525219328;D;1.872240385;OP_READ;21676;4096
1;0;49525219328;C;1.872383257;OP_READ;0;4096
0;1;49525207040;D;1.873691196;OP_READ;21676;12288
1;0;49525207040;C;1.873867295;OP_READ;0;12288
0;1;49525223424;D;1.873896118;OP_READ;21676;24576
1;0;49525223424;C;1.874108536;OP_READ;21676;24576
0;1;49527660544;D;1.879503038;OP_READ;21676;4096
1;0;49527660544;C;1.879657927;OP_READ;0;4096
0;1;49527664640;D;1.879705545;OP_READ;21676;16384
1;0;49527664640;C;1.879912386;OP_READ;0;16384
0;1;49726418944;D;1.888696148;OP_READ;21673;4096
1;0;49726418944;C;1.888846652;OP_READ;0;4096
0;1;49726423040;D;1.888878429;OP_READ;21673;16384
1;0;49726423040;C;1.889031145;OP_READ;0;16384
0;1;49680154624;D;1.901376246;OP_READ;21676;4096
1;0;49680154624;C;1.901515457;OP_READ;0;4096
0;1;49680158720;D;1.901543023;OP_READ;21676;16384
1;0;49680158720;C;1.901694092;OP_READ;0;16384
0;1;49682108416;D;1.907272732;OP_READ;21676;4096
1;0;49682108416;C;1.907412312;OP_READ;0;4096
0;1;49658318848;D;1.908499721;OP_READ;21676;4096
1;0;49658318848;C;1.908605770;OP_READ;0;4096
0;1;49681985536;D;1.909227202;OP_READ;21676;4096
1;0;49681985536;C;1.909353393;OP_READ;0;4096
0;1;49529151488;D;1.918775609;OP_READ;21676;4096
1;0;49529151488;C;1.918896498;OP_READ;0;4096
0;1;49661919232;D;1.919605618;OP_READ;21676;4096
1;0;49661919232;C;1.919724271;OP_READ;0;4096
0;1;49661923328;D;1.919758175;OP_READ;21676;16384
1;0;49661923328;C;1.919889814;OP_READ;0;16384
0;1;49661911040;D;1.920247470;OP_READ;21676;4096
1;0;49661911040;C;1.920353095;OP_READ;0;4096
0;1;49662320640;D;1.921400149;OP_READ;21676;4096
1;0;49662320640;C;1.921507497;OP_READ;0;4096
0;1;49527762944;D;1.923020056;OP_READ;21676;4096
1;0;49527762944;C;1.923147750;OP_READ;0;4096
0;1;49532338176;D;1.924592349;OP_READ;21676;4096
1;0;49532338176;C;1.924720184;OP_READ;0;4096
0;1;49524895744;D;1.935773667;OP_READ;21676;4096
1;0;49524895744;C;1.935891540;OP_READ;0;4096
0;1;49724387328;D;1.938777938;OP_READ;21676;4096
1;0;49724387328;C;1.938886731;OP_READ;0;4096
0;1;49724391424;D;1.938910905;OP_READ;21676;16384
1;0;49724391424;C;1.939043673;OP_READ;0;16384
0;1;49724596224;D;1.939639739;OP_READ;21676;4096
1;0;49724596224;C;1.939763075;OP_READ;0;4096
0;1;49658990592;D;1.940892042;OP_READ;21676;4096
1;0;49658990592;C;1.940998347;OP_READ;0;4096
0;1;49658023936;D;1.941609306;OP_READ;21676;4096
1;0;49658023936;C;1.941713074;OP_READ;0;4096
0;1;49725075456;D;1.943159284;OP_READ;21676;4096
1;0;49725075456;C;1.943267363;OP_READ;0;4096
0;1;49658019840;D;1.943754116;OP_READ;21676;4096
1;0;49658019840;C;1.943859126;OP_READ;0;4096
0;1;49723215872;D;1.949175463;OP_READ;21676;4096
1;0;49723215872;C;1.949302222;OP_READ;0;4096
0;1;49725530112;D;1.950440469;OP_READ;21676;4096
1;0;49725530112;C;1.950550944;OP_READ;0;4096
0;1;49680297984;D;1.951236150;OP_READ;21676;4096
1;0;49680297984;C;1.951359797;OP_READ;0;4096
0;1;49680302080;D;1.951387631;OP_READ;21676;16384
1;0;49680302080;C;1.951540435;OP_READ;0;16384
0;1;49680584704;D;1.952220665;OP_READ;21676;4096
1;0;49680584704;C;1.952351792;OP_READ;0;4096
0;1;49680588800;D;1.952374808;OP_READ;21676;16384
1;0;49680588800;C;1.952550766;OP_READ;0;16384
0;1;49720807424;D;1.955536405;OP_READ;21676;4096
1;0;49720807424;C;1.955647180;OP_READ;0;4096
0;1;49723830272;D;1.956279175;OP_READ;21676;4096
1;0;49723830272;C;1.956387798;OP_READ;0;4096
0;1;49722290176;D;1.957078397;OP_READ;21676;4096
1;0;49722290176;C;1.957202008;OP_READ;0;4096
0;1;49722294272;D;1.957225129;OP_READ;21676;16384
1;0;49722294272;C;1.957372030;OP_READ;0;16384
0;1;49722310656;D;1.957665520;OP_READ;21676;32768
1;0;49722310656;C;1.957876120;OP_READ;21676;32768
0;1;49723625472;D;1.960389733;OP_READ;21676;4096
1;0;49723625472;C;1.960496955;OP_READ;0;4096
0;1;49723629568;D;1.960517640;OP_READ;21676;16384
1;0;49723629568;C;1.960678271;OP_READ;0;16384
0;1;49721036800;D;1.961116768;OP_READ;21676;4096
1;0;49721036800;C;1.961229786;OP_READ;0;4096
0;1;49723674624;D;1.963612523;OP_READ;21676;4096
1;0;49723674624;C;1.963722279;OP_READ;0;4096
0;1;49659985920;D;1.964197940;OP_READ;21676;4096
1;0;49659985920;C;1.964305866;OP_READ;0;4096
0;1;49659990016;D;1.964326606;OP_READ;21676;16384
1;0;49659990016;C;1.964457749;OP_READ;0;16384
0;1;49723203584;D;1.968549554;OP_READ;21676;4096
1;0;49723203584;C;1.968674938;OP_READ;0;4096
0;1;49723207680;D;1.968699640;OP_READ;21676;8192
1;2;49723219968;D;1.968702046;OP_READ;21676;4096
2;1;49723207680;C;1.968811155;OP_READ;0;8192
1;0;49723219968;C;1.968818558;OP_READ;21676;4096
0;1;49528188928;D;1.970316769;OP_READ;21676;4096
1;0;49528188928;C;1.970441165;OP_READ;0;4096
0;1;49522995200;D;1.973370986;OP_READ;21676;4096
1;0;49522995200;C;1.973497492;OP_READ;0;4096
0;1;49528381440;D;1.974662203;OP_READ;21676;4096
1;0;49528381440;C;1.974767934;OP_READ;0;4096
0;1;49722486784;D;1.975216688;OP_READ;21676;4096
1;0;49722486784;C;1.975339625;OP_READ;0;4096
0;1;49721094144;D;1.975946669;OP_READ;21676;4096
1;0;49721094144;C;1.976054894;OP_READ;0;4096
0;1;49722613760;D;1.976462831;OP_READ;21676;4096
1;0;49722613760;C;1.976586984;OP_READ;0;4096
0;1;49722617856;D;1.976607799;OP_READ;21676;16384
1;0;49722617856;C;1.976789439;OP_READ;0;16384
0;1;49658015744;D;1.977473705;OP_READ;21676;4096
1;0;49658015744;C;1.977582879;OP_READ;0;4096
0;1;49723699200;D;1.978061916;OP_READ;21676;4096
1;0;49723699200;C;1.978170697;OP_READ;0;4096
0;1;49721307136;D;1.978634725;OP_READ;21676;4096
1;0;49721307136;C;1.978760351;OP_READ;0;4096
0;1;49720692736;D;1.979225329;OP_READ;21676;4096
1;0;49720692736;C;1.979331875;OP_READ;0;4096
0;1;49723310080;D;1.979917093;OP_READ;21676;4096
1;0;49723310080;C;1.980025664;OP_READ;0;4096
0;1;49722761216;D;1.980562333;OP_READ;21676;4096
1;0;49722761216;C;1.980685007;OP_READ;0;4096
0;1;49723539456;D;1.981749030;OP_READ;21676;4096
1;0;49723539456;C;1.981857049;OP_READ;0;4096
0;1;49720553472;D;1.982381969;OP_READ;21676;4096
1;0;49720553472;C;1.982488670;OP_READ;0;4096
0;1;49659977728;D;1.982897016;OP_READ;21676;4096
1;0;49659977728;C;1.983002739;OP_READ;0;4096
0;1;49659981824;D;1.983019885;OP_READ;21676;4096
1;0;49659981824;C;1.983121599;OP_READ;0;4096
0;1;49722490880;D;1.984088219;OP_READ;21676;4096
1;0;49722490880;C;1.984211885;OP_READ;0;4096
0;1;49722494976;D;1.984231052;OP_READ;21676;16384
1;0;49722494976;C;1.984404567;OP_READ;0;16384
0;1;49722511360;D;1.984684256;OP_READ;21676;32768
1;0;49722511360;C;1.984896823;OP_READ;21676;32768
0;1;49528250368;D;1.986576842;OP_READ;21676;4096
1;0;49528250368;C;1.986703834;OP_READ;0;4096
0;1;49528229888;D;1.987312136;OP_READ;21676;4096
1;0;49528229888;C;1.987416915;OP_READ;0;4096
0;1;49527816192;D;1.988549441;OP_READ;21676;4096
1;0;49527816192;C;1.988674350;OP_READ;0;4096
0;1;49527828480;D;1.989247047;OP_READ;21676;4096
1;0;49527828480;C;1.989372337;OP_READ;0;4096
0;1;49723117568;D;1.989823046;OP_READ;21676;4096
1;0;49723117568;C;1.989946642;OP_READ;0;4096
0;1;49529159680;D;1.990335243;OP_READ;21676;4096
1;0;49529159680;C;1.990439896;OP_READ;0;4096
0;1;49529163776;D;1.990458456;OP_READ;21676;16384
1;0;49529163776;C;1.990587543;OP_READ;0;16384
0;1;49528184832;D;1.991830532;OP_READ;21676;4096
1;0;49528184832;C;1.991953143;OP_READ;0;4096
0;1;49528246272;D;1.992386412;OP_READ;21676;4096
1;0;49528246272;C;1.992490003;OP_READ;0;4096
0;1;49657999360;D;1.992946888;OP_READ;21676;4096
1;0;49657999360;C;1.993051161;OP_READ;0;4096
0;1;49658556416;D;1.993655874;OP_READ;21676;4096
1;0;49658556416;C;1.993761051;OP_READ;0;4096
0;1;49658535936;D;1.994232089;OP_READ;21676;4096
1;0;49658535936;C;1.994336208;OP_READ;0;4096
0;1;49679376384;D;2.016803943;OP_READ;21676;4096
1;0;49679376384;C;2.016924597;OP_READ;0;4096
0;1;49679380480;D;2.016952177;OP_READ;21676;16384
1;0;49679380480;C;2.017083695;OP_READ;0;16384
0;1;49681186816;D;2.017534892;OP_READ;21676;4096
1;0;49681186816;C;2.017658160;OP_READ;0;4096
0;1;49681190912;D;2.017677587;OP_READ;21676;16384
1;0;49681190912;C;2.017857964;OP_READ;0;16384
0;1;49679327232;D;2.019182798;OP_READ;21676;4096
1;0;49679327232;C;2.019297084;OP_READ;0;4096
0;1;49659375616;D;2.020506609;OP_READ;21676;4096
1;0;49659375616;C;2.020611378;OP_READ;0;4096
0;1;49680318464;D;2.024458412;OP_READ;21676;32768
1;0;49680318464;C;2.024674555;OP_READ;21676;32768
0;1;49680408576;D;2.025065421;OP_READ;21676;4096
1;0;49680408576;C;2.025193096;OP_READ;0;4096
0;1;49681059840;D;2.025911518;OP_READ;21676;4096
1;0;49681059840;C;2.026036999;OP_READ;0;4096
0;1;49681309696;D;2.026568024;OP_READ;21676;4096
1;0;49681309696;C;2.026691292;OP_READ;0;4096
0;1;49680637952;D;2.027159940;OP_READ;21676;4096
1;0;49680637952;C;2.027283328;OP_READ;0;4096
0;1;49682141184;D;2.027750633;OP_READ;21676;4096
1;0;49682141184;C;2.027875471;OP_READ;0;4096
0;1;49680879616;D;2.028334619;OP_READ;21676;4096
1;0;49680879616;C;2.028459071;OP_READ;0;4096
0;1;49681645568;D;2.029039405;OP_READ;21676;4096
1;0;49681645568;C;2.029165494;OP_READ;0;4096
0;1;49681649664;D;2.029193204;OP_READ;21676;16384
1;0;49681649664;C;2.029340223;OP_READ;0;16384
0;1;49681031168;D;2.030037571;OP_READ;21676;4096
1;0;49681031168;C;2.030163205;OP_READ;0;4096
0;1;49681035264;D;2.030193298;OP_READ;21676;16384
1;0;49681035264;C;2.030363089;OP_READ;0;16384
0;1;49682239488;D;2.030919980;OP_READ;21676;4096
1;0;49682239488;C;2.031045143;OP_READ;0;4096
0;1;49722134528;D;2.042815903;OP_READ;21676;4096
1;0;49722134528;C;2.042949978;OP_READ;0;4096
0;1;49722138624;D;2.042975082;OP_READ;21676;16384
1;0;49722138624;C;2.043153242;OP_READ;0;16384
0;1;49721266176;D;2.044130444;OP_READ;21676;4096
1;0;49721266176;C;2.044244005;OP_READ;0;4096
0;1;49721126912;D;2.044776390;OP_READ;21676;4096
1;0;49721126912;C;2.044886413;OP_READ;0;4096
0;1;49721131008;D;2.044908533;OP_READ;21676;16384
1;0;49721131008;C;2.045054206;OP_READ;0;16384
0;1;49721180160;D;2.045641796;OP_READ;21676;4096
1;0;49721180160;C;2.045768230;OP_READ;0;4096
0;1;49721184256;D;2.045791350;OP_READ;21676;16384
1;0;49721184256;C;2.045937830;OP_READ;0;16384
0;1;49528958976;D;2.046822668;OP_READ;21676;4096
1;0;49528958976;C;2.046928897;OP_READ;0;4096
0;1;49658499072;D;2.047644621;OP_READ;21676;4096
1;0;49658499072;C;2.047749841;OP_READ;0;4096
0;1;49658503168;D;2.047774644;OP_READ;21676;16384
1;0;49658503168;C;2.047910183;OP_READ;0;16384
0;1;49528930304;D;2.048433513;OP_READ;21676;4096
1;0;49528930304;C;2.048543562;OP_READ;0;4096
0;1;49528934400;D;2.048571123;OP_READ;21676;16384
1;0;49528934400;C;2.048721146;OP_READ;0;16384
0;1;49721114624;D;2.049423415;OP_READ;21676;4096
1;0;49721114624;C;2.049548171;OP_READ;0;4096
0;1;49721118720;D;2.049569359;OP_READ;21676;8192
1;0;49721118720;C;2.049709335;OP_READ;0;8192
0;1;49528909824;D;2.050723471;OP_READ;21676;4096
1;0;49528909824;C;2.050830823;OP_READ;0;4096
0;1;49528913920;D;2.050854548;OP_READ;21676;16384
1;0;49528913920;C;2.051003822;OP_READ;0;16384
0;1;49721147392;D;2.051597371;OP_READ;21676;32768
1;2;49721200640;D;2.051603433;OP_READ;21676;32768
2;1;49721147392;C;2.051839945;OP_READ;21676;32768
1;0;49721200640;C;2.051918277;OP_READ;21676;32768
0;1;49722281984;D;2.053422738;OP_READ;21676;4096
1;0;49722281984;C;2.053547806;OP_READ;0;4096
0;1;49722257408;D;2.054201789;OP_READ;21676;4096
1;0;49722257408;C;2.054324932;OP_READ;0;4096
0;1;49721774080;D;2.054754587;OP_READ;21676;4096
1;0;49721774080;C;2.054881406;OP_READ;0;4096
0;1;49721765888;D;2.055310357;OP_READ;21676;4096
1;0;49721765888;C;2.055432978;OP_READ;0;4096
0;1;49721823232;D;2.055922816;OP_READ;21676;4096
1;0;49721823232;C;2.056048829;OP_READ;0;4096
0;1;49721819136;D;2.056513970;OP_READ;21676;4096
1;0;49721819136;C;2.056638809;OP_READ;0;4096
0;1;49721753600;D;2.057202732;OP_READ;21676;4096
1;0;49721753600;C;2.057328759;OP_READ;0;4096
0;1;49721810944;D;2.058716726;OP_READ;21676;4096
1;0;49721810944;C;2.058841044;OP_READ;0;4096
0;1;49721761792;D;2.059779824;OP_READ;21676;4096
1;0;49721761792;C;2.059903794;OP_READ;0;4096
0;1;49659199488;D;2.060810483;OP_READ;21676;8192
1;0;49659199488;C;2.060928401;OP_READ;0;8192
0;1;49659228160;D;2.061363637;OP_READ;21676;4096
1;0;49659228160;C;2.061468839;OP_READ;0;4096
0;1;49659805696;D;2.062252638;OP_READ;21676;4096
1;0;49659805696;C;2.062361018;OP_READ;0;4096
0;1;49659256832;D;2.063585687;OP_READ;21676;4096
1;0;49659256832;C;2.063693937;OP_READ;0;4096
0;1;49659252736;D;2.064302921;OP_READ;21676;4096
1;0;49659252736;C;2.064407709;OP_READ;0;4096
0;1;49722261504;D;2.065873545;OP_READ;21676;4096
1;0;49722261504;C;2.065997743;OP_READ;0;4096
0;1;49722163200;D;2.067185462;OP_READ;21676;4096
1;0;49722163200;C;2.067310793;OP_READ;0;4096
0;1;49721851904;D;2.068688515;OP_READ;21676;4096
1;0;49721851904;C;2.068814841;OP_READ;0;4096
0;1;49681149952;D;2.069869854;OP_READ;21676;4096
1;0;49681149952;C;2.069995325;OP_READ;0;4096
0;1;49722122240;D;2.070450193;OP_READ;21676;4096
1;0;49722122240;C;2.070573013;OP_READ;0;4096
0;1;49682329600;D;2.072152646;OP_READ;21676;4096
1;0;49682329600;C;2.072277701;OP_READ;0;4096
0;1;49682333696;D;2.072301421;OP_READ;21676;16384
1;0;49682333696;C;2.072477512;OP_READ;0;16384
0;1;49721475072;D;2.073898471;OP_READ;21676;4096
1;0;49721475072;C;2.074027230;OP_READ;0;4096
0;1;49721462784;D;2.074495544;OP_READ;21676;4096
1;0;49721462784;C;2.074619664;OP_READ;0;4096
0;1;49721466880;D;2.074640166;OP_READ;21676;8192
1;2;49721479168;D;2.074642241;OP_READ;21676;4096
2;1;49721466880;C;2.074766760;OP_READ;0;8192
1;0;49721479168;C;2.074786167;OP_READ;21676;4096
0;1;49721499648;D;2.075959725;OP_READ;21676;4096
1;0;49721499648;C;2.076083487;OP_READ;0;4096
0;1;49721503744;D;2.076102190;OP_READ;21676;16384
1;0;49721503744;C;2.076272113;OP_READ;0;16384
0;1;49721327616;D;2.076835938;OP_READ;21676;4096
1;0;49721327616;C;2.076959231;OP_READ;0;4096
0;1;49721331712;D;2.076977232;OP_READ;21676;16384
1;0;49721331712;C;2.077151006;OP_READ;0;16384
0;1;49721348096;D;2.077388698;OP_READ;21676;32768
1;0;49721348096;C;2.077599749;OP_READ;21676;32768
0;1;49721544704;D;2.078503150;OP_READ;21676;4096
1;0;49721544704;C;2.078633283;OP_READ;0;4096
0;1;49721491456;D;2.079369279;OP_READ;21676;4096
1;0;49721491456;C;2.079492823;OP_READ;0;4096
0;1;49721495552;D;2.079510809;OP_READ;21676;4096
1;0;49721495552;C;2.079626980;OP_READ;0;4096
0;1;49723723776;D;2.080232328;OP_READ;21676;4096
1;0;49723723776;C;2.080339921;OP_READ;0;4096
0;1;49723727872;D;2.080360463;OP_READ;21676;16384
1;0;49723727872;C;2.080517195;OP_READ;0;16384
0;1;49722159104;D;2.081929315;OP_READ;21676;4096
1;0;49722159104;C;2.082059793;OP_READ;0;4096
0;1;49722253312;D;2.082519481;OP_READ;21676;4096
1;0;49722253312;C;2.082643579;OP_READ;0;4096
0;1;49722167296;D;2.083052794;OP_READ;21676;12288
1;0;49722167296;C;2.083222745;OP_READ;0;12288
0;1;49721442304;D;2.083762672;OP_READ;21676;4096
1;0;49721442304;C;2.083886702;OP_READ;0;4096
0;1;49721487360;D;2.084883796;OP_READ;21676;4096
1;0;49721487360;C;2.085007686;OP_READ;0;4096
0;1;49720635392;D;2.087100459;OP_READ;21676;4096
1;0;49720635392;C;2.087229682;OP_READ;0;4096
0;1;49721458688;D;2.088048944;OP_READ;21676;4096
1;0;49721458688;C;2.088173171;OP_READ;0;4096
0;1;49723101184;D;2.088583032;OP_READ;21676;4096
1;0;49723101184;C;2.088721127;OP_READ;0;4096
0;1;49722466304;D;2.089541687;OP_READ;21676;4096
1;0;49722466304;C;2.089665509;OP_READ;0;4096
0;1;49722589184;D;2.090056259;OP_READ;21676;4096
1;0;49722589184;C;2.090180353;OP_READ;0;4096
0;1;49722593280;D;2.090207047;OP_READ;21676;16384
1;0;49722593280;C;2.090358768;OP_READ;0;16384
0;1;49720254464;D;2.091169399;OP_READ;21676;4096
1;0;49720254464;C;2.091280527;OP_READ;0;4096
0;1;49720258560;D;2.091299447;OP_READ;21676;16384
1;0;49720258560;C;2.091454761;OP_READ;0;16384
0;1;49721450496;D;2.092963381;OP_READ;21676;4096
1;0;49721450496;C;2.093086994;OP_READ;0;4096
0;1;49721454592;D;2.093104594;OP_READ;21676;4096
1;0;49721454592;C;2.093220791;OP_READ;0;4096
0;1;49721405440;D;2.093604925;OP_READ;21676;4096
1;0;49721405440;C;2.093725661;OP_READ;0;4096
0;1;49721380864;D;2.094084953;OP_READ;21676;24576
1;2;49721409536;D;2.094089591;OP_READ;21676;32768
2;3;49721446400;D;2.094091559;OP_READ;21676;4096
3;2;49721380864;C;2.094262780;OP_READ;21676;24576
2;1;49721409536;C;2.094337928;OP_READ;21676;32768
1;0;49721446400;C;2.094344775;OP_READ;21676;4096
0;1;49721049088;D;2.094423935;OP_READ;21676;4096
1;0;49721049088;C;2.094544665;OP_READ;0;4096
0;1;49721053184;D;2.094560555;OP_READ;21676;16384
1;0;49721053184;C;2.094706201;OP_READ;0;16384
0;1;49721733120;D;2.095105155;OP_READ;21676;4096
1;0;49721733120;C;2.095227254;OP_READ;0;4096
0;1;49721737216;D;2.095241944;OP_READ;21676;16384
1;0;49721737216;C;2.095409224;OP_READ;0;16384
0;1;49680211968;D;2.097278976;OP_READ;21676;4096
1;0;49680211968;C;2.097407534;OP_READ;0;4096
0;1;49721536512;D;2.097913164;OP_READ;21676;4096
1;0;49721536512;C;2.098035804;OP_READ;0;4096
0;1;49528299520;D;2.098752320;OP_READ;21676;4096
1;0;49528299520;C;2.098856040;OP_READ;0;4096
0;1;49529040896;D;2.099454705;OP_READ;21676;4096
1;0;49529040896;C;2.099557122;OP_READ;0;4096
0;1;49533394944;D;2.099980924;OP_READ;21676;4096
1;0;49533394944;C;2.100105298;OP_READ;0;4096
0;1;49533399040;D;2.100123001;OP_READ;21676;16384
1;0;49533399040;C;2.100269080;OP_READ;0;16384
0;1;49534279680;D;2.100931455;OP_READ;21676;4096
1;0;49534279680;C;2.101052970;OP_READ;0;4096
0;1;49532231680;D;2.102522400;OP_READ;21676;4096
1;0;49532231680;C;2.102628301;OP_READ;0;4096
0;1;49532235776;D;2.102645077;OP_READ;21676;16384
1;0;49532235776;C;2.102798082;OP_READ;0;16384
0;1;49534451712;D;2.110626246;OP_READ;21676;4096
1;0;49534451712;C;2.110741538;OP_READ;0;4096
0;1;49520152576;D;2.111213267;OP_READ;21676;4096
1;0;49520152576;C;2.111318421;OP_READ;0;4096
0;1;49534439424;D;2.112235561;OP_READ;21676;4096
1;0;49534439424;C;2.112340602;OP_READ;0;4096
0;1;49533534208;D;2.112685488;OP_READ;21676;4096
1;0;49533534208;C;2.112807888;OP_READ;0;4096
0;1;49533538304;D;2.112828511;OP_READ;21676;16384
1;0;49533538304;C;2.113004883;OP_READ;0;16384
0;1;49521614848;D;2.113470132;OP_READ;21676;4096
1;0;49521614848;C;2.113576359;OP_READ;0;4096
0;1;49534431232;D;2.113905304;OP_READ;21676;4096
1;0;49534431232;C;2.114027187;OP_READ;0;4096
0;1;49534435328;D;2.114044947;OP_READ;21676;4096
1;2;49534443520;D;2.114046313;OP_READ;21676;8192
2;1;49534435328;C;2.114171974;OP_READ;0;4096
1;0;49534443520;C;2.114187283;OP_READ;21676;8192
0;1;49521610752;D;2.114583144;OP_READ;21676;4096
1;0;49521610752;C;2.114685375;OP_READ;0;4096
0;1;49542111232;D;2.115376047;OP_READ;21676;4096
1;0;49542111232;C;2.115478428;OP_READ;0;4096
0;1;49542115328;D;2.115493909;OP_READ;21676;16384
1;0;49542115328;C;2.115641371;OP_READ;0;16384
0;1;49541754880;D;2.115954664;OP_READ;21676;4096
1;0;49541754880;C;2.116059930;OP_READ;0;4096
0;1;49541832704;D;2.116403636;OP_READ;21676;4096
1;0;49541832704;C;2.116505385;OP_READ;0;4096
0;1;49542025216;D;2.116828397;OP_READ;21676;4096
1;0;49542025216;C;2.116930648;OP_READ;0;4096
0;1;49521639424;D;2.117242299;OP_READ;21676;4096
1;0;49521639424;C;2.117345535;OP_READ;0;4096
0;1;49542160384;D;2.117627204;OP_READ;21676;4096
1;0;49542160384;C;2.117730774;OP_READ;0;4096
0;1;49521602560;D;2.118913978;OP_READ;21676;4096
1;0;49521602560;C;2.119017659;OP_READ;0;4096
0;1;49521606656;D;2.119033318;OP_READ;21676;4096
1;2;49521618944;D;2.119034667;OP_READ;21676;4096
2;1;49521606656;C;2.119135068;OP_READ;0;4096
1;0;49521618944;C;2.119236590;OP_READ;21676;4096
0;1;49541181440;D;2.119517111;OP_READ;21676;4096
1;0;49541181440;C;2.119639365;OP_READ;0;4096
0;1;49521586176;D;2.119906289;OP_READ;21676;4096
1;0;49521586176;C;2.120009499;OP_READ;0;4096
0;1;49521598464;D;2.120250192;OP_READ;21676;4096
1;0;49521598464;C;2.120352389;OP_READ;0;4096
0;1;49521627136;D;2.120786747;OP_READ;21676;4096
1;0;49521627136;C;2.120889161;OP_READ;0;4096
0;1;49541152768;D;2.121358284;OP_READ;21676;4096
1;0;49541152768;C;2.121479592;OP_READ;0;4096
0;1;49541799936;D;2.122105467;OP_READ;21676;4096
1;0;49541799936;C;2.122211747;OP_READ;0;4096
0;1;49541828608;D;2.122636821;OP_READ;21676;4096
1;0;49541828608;C;2.122738582;OP_READ;0;4096
0;1;49541984256;D;2.123112761;OP_READ;21676;4096
1;0;49541984256;C;2.123213517;OP_READ;0;4096
0;1;49542053888;D;2.123584441;OP_READ;21676;4096
1;0;49542053888;C;2.123685407;OP_READ;0;4096
0;1;49542057984;D;2.123700918;OP_READ;21676;16384
1;0;49542057984;C;2.123828869;OP_READ;0;16384
0;1;49542103040;D;2.124144869;OP_READ;21676;4096
1;0;49542103040;C;2.124247349;OP_READ;0;4096
0;1;49542107136;D;2.124260083;OP_READ;21676;4096
1;0;49542107136;C;2.124357033;OP_READ;0;4096
0;1;49542004736;D;2.124838603;OP_READ;21676;4096
1;0;49542004736;C;2.124941927;OP_READ;0;4096
0;1;49541992448;D;2.125478634;OP_READ;21676;4096
1;0;49541992448;C;2.125581658;OP_READ;0;4096
0;1;49541996544;D;2.125597403;OP_READ;21676;8192
1;2;49542008832;D;2.125599034;OP_READ;21676;4096
2;1;49541996544;C;2.125709655;OP_READ;0;8192
1;0;49542008832;C;2.125800954;OP_READ;21676;4096
0;1;49542049792;D;2.126646146;OP_READ;21676;4096
1;0;49542049792;C;2.126748521;OP_READ;0;4096
0;1;49541767168;D;2.127251190;OP_READ;21676;4096
1;0;49541767168;C;2.127357267;OP_READ;0;4096
0;1;49541771264;D;2.127372182;OP_READ;21676;16384
1;0;49541771264;C;2.127501605;OP_READ;0;16384
0;1;49542529024;D;2.127849802;OP_READ;21676;4096
1;0;49542529024;C;2.127951915;OP_READ;0;4096
0;1;49542533120;D;2.127971499;OP_READ;21676;16384
1;0;49542533120;C;2.128123333;OP_READ;0;16384
0;1;49542524928;D;2.128648905;OP_READ;21676;4096
1;0;49542524928;C;2.128751538;OP_READ;0;4096
0;1;49541382144;D;2.129573872;OP_READ;21676;4096
1;0;49541382144;C;2.129677763;OP_READ;0;4096
0;1;49541386240;D;2.129692522;OP_READ;21676;16384
1;0;49541386240;C;2.129852755;OP_READ;0;16384
0;1;49541169152;D;2.130427767;OP_READ;21676;4096
1;0;49541169152;C;2.130537166;OP_READ;0;4096
0;1;49541173248;D;2.130552813;OP_READ;21676;8192
1;2;49541185536;D;2.130554351;OP_READ;21676;4096
2;1;49541185536;C;2.130661952;OP_READ;0;4096
1;0;49541173248;C;2.130679068;OP_READ;0;8192
0;1;49521680384;D;2.131057688;OP_READ;21676;4096
1;0;49521680384;C;2.131160002;OP_READ;0;4096
0;1;49521684480;D;2.131173667;OP_READ;21676;16384
1;0;49521684480;C;2.131301592;OP_READ;0;16384
0;1;49522982912;D;2.132131878;OP_READ;21676;4096
1;0;49522982912;C;2.132252901;OP_READ;0;4096
0;1;49521668096;D;2.132564590;OP_READ;21676;4096
1;0;49521668096;C;2.132666754;OP_READ;0;4096
0;1;49521360896;D;2.133030398;OP_READ;21676;16384
1;0;49521360896;C;2.133187630;OP_READ;0;16384
0;1;49521377280;D;2.133201747;OP_READ;21676;16384
1;0;49521377280;C;2.133333042;OP_READ;21555;16384
0;1;49521672192;D;2.133654283;OP_READ;21676;8192
1;0;49521672192;C;2.133766472;OP_READ;0;8192
0;1;49521745920;D;2.135179459;OP_READ;21676;4096
1;0;49521745920;C;2.135282024;OP_READ;0;4096
0;1;49521770496;D;2.135461458;OP_READ;21676;4096
1;0;49521770496;C;2.135562721;OP_READ;0;4096
0;1;49521774592;D;2.135575863;OP_READ;21676;16384
1;0;49521774592;C;2.135706877;OP_READ;0;16384
0;1;49541988352;D;2.136195013;OP_READ;21676;4096
1;0;49541988352;C;2.136304948;OP_READ;0;4096
0;1;49541804032;D;2.136836624;OP_READ;21676;16384
1;0;49541804032;C;2.136993950;OP_READ;0;16384
0;1;49542156288;D;2.137202682;OP_READ;21676;4096
1;0;49542156288;C;2.137304687;OP_READ;0;4096
0;1;49542471680;D;2.138201322;OP_READ;21676;4096
1;0;49542471680;C;2.138303865;OP_READ;0;4096
0;1;49542422528;D;2.138682301;OP_READ;21676;4096
1;0;49542422528;C;2.138783787;OP_READ;0;4096
0;1;49542492160;D;2.139074300;OP_READ;21676;4096
1;0;49542492160;C;2.139177019;OP_READ;0;4096
0;1;49542410240;D;2.139696840;OP_READ;21676;4096
1;0;49542410240;C;2.139817880;OP_READ;0;4096
0;1;49542414336;D;2.139833008;OP_READ;21676;8192
1;2;49542426624;D;2.139834420;OP_READ;21676;4096
2;1;49542426624;C;2.139938582;OP_READ;0;4096
1;0;49542414336;C;2.139959065;OP_READ;0;8192
0;1;49542406144;D;2.140599774;OP_READ;21676;4096
1;0;49542406144;C;2.140700830;OP_READ;0;4096
0;1;49542402048;D;2.141064520;OP_READ;21676;4096
1;0;49542402048;C;2.141165641;OP_READ;0;4096
0;1;49541726208;D;2.142846493;OP_READ;21676;4096
1;0;49541726208;C;2.142951113;OP_READ;0;4096
0;1;49541308416;D;2.143171132;OP_READ;21676;4096
1;0;49541308416;C;2.143291760;OP_READ;0;4096
0;1;49541304320;D;2.143482587;OP_READ;21676;4096
1;0;49541304320;C;2.143604093;OP_READ;0;4096
0;1;49541730304;D;2.143911951;OP_READ;21676;16384
1;0;49541730304;C;2.144071985;OP_READ;0;16384
0;1;49542012928;D;2.144730591;OP_READ;21676;12288
1;2;49542029312;D;2.144734472;OP_READ;21676;16384
2;1;49542012928;C;2.144852578;OP_READ;21676;12288
1;0;49542029312;C;2.144881389;OP_READ;21676;16384
0;1;49542443008;D;2.146596387;OP_READ;21676;4096
1;0;49542443008;C;2.146719137;OP_READ;0;4096
0;1;49542447104;D;2.146734526;OP_READ;21676;16384
1;0;49542447104;C;2.146878137;OP_READ;0;16384
0;1;49522229248;D;2.147371583;OP_READ;21676;16384
1;0;49522229248;C;2.147547393;OP_READ;0;16384
0;1;49522245632;D;2.147563975;OP_READ;21676;32768
1;0;49522245632;C;2.147780999;OP_READ;21676;32768
0;1;49541791744;D;2.149480028;OP_READ;21676;4096
1;0;49541791744;C;2.149590764;OP_READ;0;4096
0;1;49541795840;D;2.149604185;OP_READ;21676;4096
1;0;49541795840;C;2.149705366;OP_READ;0;4096
0;1;49541959680;D;2.150365907;OP_READ;21676;4096
1;0;49541959680;C;2.150467865;OP_READ;0;4096
0;1;147044691968;D;2.151308879;OP_READ;21676;131072
1;0;147044691968;C;2.151784742;OP_READ;0;131072
0;1;49541402624;D;2.152440593;OP_READ;21676;32768
1;0;49541402624;C;2.152639499;OP_READ;21676;32768
0;1;49541713920;D;2.153411031;OP_READ;21676;4096
1;0;49541713920;C;2.153515178;OP_READ;0;4096
0;1;49541718016;D;2.153528334;OP_READ;21676;8192
1;0;49541718016;C;2.153636631;OP_READ;0;8192
0;1;49541763072;D;2.155351379;OP_READ;21676;4096
1;0;49541763072;C;2.155457596;OP_READ;0;4096
0;1;49542598656;D;2.157052342;OP_READ;21676;4096
1;0;49542598656;C;2.157172293;OP_READ;0;4096
0;1;49542602752;D;2.157189347;OP_READ;21676;16384
1;0;49542602752;C;2.157334009;OP_READ;0;16384
0;1;49541853184;D;2.160463324;OP_READ;21676;4096
1;0;49541853184;C;2.160565279;OP_READ;0;4096
0;1;49541857280;D;2.160767629;OP_READ;21676;16384
1;0;49541857280;C;2.160900686;OP_READ;0;16384
0;1;49541029888;D;2.161172988;OP_READ;21676;4096
1;0;49541029888;C;2.161297640;OP_READ;0;4096
0;1;49541033984;D;2.161310575;OP_READ;21676;16384
1;0;49541033984;C;2.161458543;OP_READ;0;16384
0;1;49521700864;D;2.162435664;OP_READ;21676;45056
1;2;49521750016;D;2.162439860;OP_READ;21676;8192
2;1;49521700864;C;2.162682839;OP_READ;21676;45056
1;0;49521750016;C;2.162695592;OP_READ;21676;8192
0;1;49542504448;D;2.162780198;OP_READ;21676;4096
1;0;49542504448;C;2.162881791;OP_READ;0;4096
0;1;147082235904;D;2.163784835;OP_READ;21676;131072
1;0;147082235904;C;2.164232218;OP_READ;0;131072
0;1;49541787648;D;2.165253200;OP_READ;21676;4096
1;0;49541787648;C;2.165358933;OP_READ;0;4096
0;1;49542045696;D;2.166284179;OP_READ;21676;4096
1;0;49542045696;C;2.166385660;OP_READ;0;4096
0;1;49541849088;D;2.166841022;OP_READ;21676;4096
1;0;49541849088;C;2.166941334;OP_READ;0;4096
0;1;49541824512;D;2.167352503;OP_READ;21676;4096
1;0;49541824512;C;2.167454089;OP_READ;0;4096
0;1;49541902336;D;2.168691166;OP_READ;21676;4096
1;0;49541902336;C;2.168792585;OP_READ;0;4096
0;1;49541963776;D;2.169005525;OP_READ;21676;4096
1;0;49541963776;C;2.169106307;OP_READ;0;4096
0;1;49541967872;D;2.169118036;OP_READ;21676;16384
1;0;49541967872;C;2.169270296;OP_READ;0;16384
0;1;49555374080;D;2.170229862;OP_READ;21676;131072
1;0;49555374080;C;2.170717402;OP_READ;0;131072
0;1;49533325312;D;2.171734456;OP_READ;21676;4096
1;0;49533325312;C;2.171855571;OP_READ;0;4096
0;1;49533263872;D;2.172140085;OP_READ;21676;4096
1;0;49533263872;C;2.172260986;OP_READ;0;4096
0;1;49533386752;D;2.172622900;OP_READ;21676;4096
1;0;49533386752;C;2.172744641;OP_READ;0;4096
0;1;49533345792;D;2.172949609;OP_READ;21676;4096
1;0;49533345792;C;2.173070226;OP_READ;0;4096
0;1;49521414144;D;2.173415730;OP_READ;21676;40960
1;0;49521414144;C;2.173655643;OP_READ;21676;40960
0;1;49521467392;D;2.174934503;OP_READ;21676;4096
1;0;49521467392;C;2.175039996;OP_READ;0;4096
0;1;49520164864;D;2.175902489;OP_READ;21676;4096
1;0;49520164864;C;2.176023309;OP_READ;0;4096
0;1;49520185344;D;2.176372610;OP_READ;21676;4096
1;0;49520185344;C;2.176477178;OP_READ;0;4096
0;1;49542893568;D;2.177057598;OP_READ;21676;4096
1;0;49542893568;C;2.177176681;OP_READ;0;4096
0;1;49542885376;D;2.177453232;OP_READ;21676;4096
1;0;49542885376;C;2.177571613;OP_READ;0;4096
0;1;49542889472;D;2.177942431;OP_READ;21676;4096
1;2;49542897664;D;2.177945831;OP_READ;21676;8192
2;1;49542889472;C;2.178064129;OP_READ;0;4096
1;0;49542897664;C;2.178078310;OP_READ;21676;8192
0;1;49542508544;D;2.179877532;OP_READ;21676;4096
1;0;49542508544;C;2.180003173;OP_READ;0;4096
0;1;49533665280;D;2.180486491;OP_READ;21676;4096
1;0;49533665280;C;2.180607354;OP_READ;0;4096
0;1;49533669376;D;2.180620599;OP_READ;21676;16384
1;0;49533669376;C;2.180793391;OP_READ;0;16384
0;1;49535053824;D;2.181123551;OP_READ;21676;4096
1;0;49535053824;C;2.181231496;OP_READ;0;4096
0;1;49535070208;D;2.181366282;OP_READ;21676;4096
1;0;49535070208;C;2.181469808;OP_READ;0;4096
0;1;49535074304;D;2.181482540;OP_READ;21676;16384
1;0;49535074304;C;2.181610901;OP_READ;0;16384
0;1;49534402560;D;2.181860635;OP_READ;21676;4096
1;0;49534402560;C;2.181965430;OP_READ;0;4096
0;1;49534406656;D;2.181976885;OP_READ;21676;16384
1;0;49534406656;C;2.182122280;OP_READ;0;16384
0;1;49533652992;D;2.182688900;OP_READ;21676;4096
1;0;49533652992;C;2.182807801;OP_READ;0;4096
0;1;146342313984;D;2.183593882;OP_READ;21676;12288
1;0;146342313984;C;2.183718442;OP_READ;0;12288
0;1;49533038592;D;2.183933796;OP_READ;21676;4096
1;0;49533038592;C;2.184053701;OP_READ;0;4096
0;1;49533648896;D;2.184524763;OP_READ;21676;4096
1;0;49533648896;C;2.184646217;OP_READ;0;4096
0;1;49533644800;D;2.185200816;OP_READ;21676;4096
1;0;49533644800;C;2.185322349;OP_READ;0;4096
0;1;146426114048;D;2.186151848;OP_READ;21676;12288
1;0;146426114048;C;2.186294301;OP_READ;0;12288
0;1;49533685760;D;2.186776286;OP_READ;21676;24576
1;0;49533685760;C;2.186971356;OP_READ;0;24576
0;1;49534328832;D;2.187357409;OP_READ;21676;4096
1;0;49534328832;C;2.187491716;OP_READ;0;4096
0;1;49534345216;D;2.187715963;OP_READ;21676;4096
1;0;49534345216;C;2.187836615;OP_READ;0;4096
0;1;49534349312;D;2.187999799;OP_READ;21676;16384
1;0;49534349312;C;2.188151472;OP_READ;0;16384
0;1;49534332928;D;2.188465175;OP_READ;21676;4096
1;0;49534332928;C;2.188589868;OP_READ;0;4096
0;1;49534337024;D;2.189537634;OP_READ;21676;8192
1;0;49534337024;C;2.189666120;OP_READ;0;8192
0;1;49534365696;D;2.190554647;OP_READ;21676;4096
1;2;49534373888;D;2.190558042;OP_READ;21676;8192
2;3;49534386176;D;2.190559001;OP_READ;21676;4096
3;4;49534394368;D;2.190559858;OP_READ;21676;4096
4;3;49534373888;C;2.190680508;OP_READ;21676;8192
3;2;49534394368;C;2.190685961;OP_READ;21676;4096
2;1;49534365696;C;2.190694460;OP_READ;21676;4096
1;0;49534386176;C;2.190703006;OP_READ;21676;4096
0;1;49534423040;D;2.191572696;OP_READ;21676;8192
1;2;49534455808;D;2.191576398;OP_READ;21676;8192
2;1;49534423040;C;2.191702134;OP_READ;21676;8192
1;0;49534455808;C;2.191720724;OP_READ;21676;8192
0;1;49534324736;D;2.192242462;OP_READ;21676;4096
1;0;49534324736;C;2.192363030;OP_READ;0;4096
0;1;49532981248;D;2.194973835;OP_READ;21676;4096
1;0;49532981248;C;2.195093318;OP_READ;0;4096
0;1;49532985344;D;2.195107422;OP_READ;21676;16384
1;0;49532985344;C;2.195253375;OP_READ;0;16384
0;1;49533001728;D;2.195446750;OP_READ;21676;32768
1;0;49533001728;C;2.195655104;OP_READ;21676;32768
0;1;147044573184;D;2.198606925;OP_READ;21676;118784
1;0;147044573184;C;2.199047448;OP_READ;0;118784
0;1;147035893760;D;2.200281606;OP_READ;21676;131072
1;0;147035893760;C;2.200751193;OP_READ;0;131072
0;1;146344960000;D;2.200858386;OP_READ;21676;12288
1;0;146344960000;C;2.200999093;OP_READ;0;12288
0;1;146378645504;D;2.201085845;OP_READ;21676;12288
1;0;146378645504;C;2.201211160;OP_READ;0;12288
0;1;49522905088;D;2.201420282;OP_READ;21676;4096
1;0;49522905088;C;2.201540547;OP_READ;0;4096
0;1;49522909184;D;2.201556524;OP_READ;21676;4096
1;0;49522909184;C;2.201675432;OP_READ;0;4096
0;1;49522843648;D;2.202076021;OP_READ;21676;4096
1;0;49522843648;C;2.202199229;OP_READ;0;4096
0;1;49522941952;D;2.202426944;OP_READ;21676;4096
1;0;49522941952;C;2.202545123;OP_READ;0;4096
0;1;49522872320;D;2.202831471;OP_READ;21676;4096
1;0;49522872320;C;2.202951371;OP_READ;0;4096
0;1;49522876416;D;2.202964550;OP_READ;21676;16384
1;0;49522876416;C;2.203109644;OP_READ;0;16384
0;1;49522892800;D;2.203780252;OP_READ;21676;12288
1;2;49522929664;D;2.203783911;OP_READ;21676;12288
2;3;49522946048;D;2.203784747;OP_READ;21676;36864
3;4;49522987008;D;2.203786112;OP_READ;21676;4096
4;3;49522892800;C;2.203930643;OP_READ;0;12288
3;2;49522929664;C;2.204035263;OP_READ;21676;12288
2;1;49522987008;C;2.204042275;OP_READ;21676;4096
1;0;49522946048;C;2.204117133;OP_READ;21676;36864
0;1;49522868224;D;2.204288248;OP_READ;21676;4096
1;0;49522868224;C;2.204408408;OP_READ;0;4096
0;1;49522860032;D;2.204599129;OP_READ;21676;4096
1;0;49522860032;C;2.204718657;OP_READ;0;4096
0;1;49522864128;D;2.204729428;OP_READ;21676;4096
1;0;49522864128;C;2.204847109;OP_READ;0;4096
0;1;49523863552;D;2.207748889;OP_READ;21676;16384
1;0;49523863552;C;2.207903146;OP_READ;0;16384
0;1;49523720192;D;2.208283606;OP_READ;21676;16384
1;0;49523720192;C;2.208434532;OP_READ;0;16384
0;1;49523834880;D;2.209405837;OP_READ;21676;4096
1;0;49523834880;C;2.209524423;OP_READ;0;4096
0;1;49523826688;D;2.209837347;OP_READ;21676;8192
1;0;49523826688;C;2.209967031;OP_READ;0;8192
0;1;49520750592;D;2.210286676;OP_READ;21676;4096
1;0;49520750592;C;2.210390307;OP_READ;0;4096
0;1;49520742400;D;2.210624548;OP_READ;21676;4096
1;0;49520742400;C;2.210727927;OP_READ;0;4096
0;1;49520746496;D;2.211071950;OP_READ;21676;4096
1;2;49520754688;D;2.211075286;OP_READ;21676;8192
2;1;49520746496;C;2.211176001;OP_READ;0;4096
1;0;49520754688;C;2.211190949;OP_READ;21676;8192
0;1;49523859456;D;2.211558823;OP_READ;21676;4096
1;0;49523859456;C;2.211677652;OP_READ;0;4096
0;1;49523847168;D;2.212269469;OP_READ;21676;4096
1;0;49523847168;C;2.212391705;OP_READ;0;4096
0;1;49523851264;D;2.212695885;OP_READ;21676;8192
1;0;49523851264;C;2.212824411;OP_READ;0;8192
0;1;49520160768;D;2.213416883;OP_READ;21676;4096
1;0;49520160768;C;2.213537881;OP_READ;0;4096
0;1;49532964864;D;2.215522459;OP_READ;21676;4096
1;0;49532964864;C;2.215645063;OP_READ;0;4096
0;1;49532968960;D;2.215658841;OP_READ;21676;12288
1;0;49532968960;C;2.215827167;OP_READ;0;12288
0;1;49533366272;D;2.216602183;OP_READ;21676;4096
1;0;49533366272;C;2.216727185;OP_READ;0;4096
0;1;49533710336;D;2.217276316;OP_READ;21676;81920
1;2;49533657088;D;2.217602004;OP_READ;21676;8192
2;1;49533710336;C;2.217623944;OP_READ;0;81920
1;0;49533657088;C;2.217749142;OP_READ;0;8192
0;1;49736151040;D;2.220133860;OP_READ;21676;16384
1;0;49736151040;C;2.220286424;OP_READ;0;16384
0;1;146433449984;D;2.220501134;OP_READ;21676;12288
1;0;146433449984;C;2.220624264;OP_READ;0;12288
0;1;49533034496;D;2.220867841;OP_READ;21676;4096
1;2;49533042688;D;2.220871236;OP_READ;21676;122880
2;1;49533034496;C;2.220988218;OP_READ;21676;4096
1;0;49533042688;C;2.221308905;OP_READ;21676;122880
0;1;49736318976;D;2.222727118;OP_READ;21676;12288
1;0;49736318976;C;2.222870049;OP_READ;0;12288
0;1;146463739904;D;2.222964136;OP_READ;21676;12288
1;0;146463739904;C;2.223123805;OP_READ;0;12288
0;1;162737958912;D;2.227699331;OP_READ;21676;12288
1;0;162737958912;C;2.227849984;OP_READ;0;12288
0;1;159096856576;D;2.228032822;OP_READ;21676;12288
1;0;159096856576;C;2.228176010;OP_READ;0;12288
0;1;159052726272;D;2.228278466;OP_READ;21676;12288
1;0;159052726272;C;2.228404045;OP_READ;0;12288
0;1;158859104256;D;2.228525902;OP_READ;21676;12288
1;0;158859104256;C;2.228667645;OP_READ;0;12288
0;1;158824112128;D;2.228759303;OP_READ;21676;12288
1;0;158824112128;C;2.228899596;OP_READ;0;12288
0;1;158807019520;D;2.229033388;OP_READ;21676;12288
1;0;158807019520;C;2.229174976;OP_READ;0;12288
0;1;155428302848;D;2.229300908;OP_READ;21676;12288
1;0;155428302848;C;2.229423553;OP_READ;0;12288
0;1;155402821632;D;2.229514180;OP_READ;21676;12288
1;0;155402821632;C;2.229652218;OP_READ;0;12288
0;1;155343294464;D;2.229742453;OP_READ;21676;12288
1;0;155343294464;C;2.229879561;OP_READ;0;12288
0;1;155291566080;D;2.229999819;OP_READ;21676;12288
1;0;155291566080;C;2.230146995;OP_READ;0;12288
0;1;155239424000;D;2.230236637;OP_READ;21676;12288
1;0;155239424000;C;2.230383407;OP_READ;0;12288
0;1;152022933504;D;2.230496130;OP_READ;21676;12288
1;0;152022933504;C;2.230619988;OP_READ;0;12288
0;1;151941726208;D;2.230742052;OP_READ;21676;12288
1;0;151941726208;C;2.230879896;OP_READ;0;12288
0;1;149121597440;D;2.231007904;OP_READ;21676;8192
1;0;149121597440;C;2.231141932;OP_READ;0;8192
0;1;149093298176;D;2.231254629;OP_READ;21676;12288
1;0;149093298176;C;2.231392256;OP_READ;0;12288
0;1;149078708224;D;2.231494393;OP_READ;21676;12288
1;0;149078708224;C;2.231629794;OP_READ;0;12288
0;1;149069348864;D;2.231710227;OP_READ;21676;12288
1;0;149069348864;C;2.231856085;OP_READ;0;12288
0;1;149065764864;D;2.232009400;OP_READ;21676;12288
1;0;149065764864;C;2.232130352;OP_READ;0;12288
0;1;149063000064;D;2.232358454;OP_READ;21676;12288
1;0;149063000064;C;2.232496846;OP_READ;0;12288
0;1;149061586944;D;2.232656651;OP_READ;21676;12288
1;0;149061586944;C;2.232779355;OP_READ;0;12288
0;1;149060550656;D;2.232911548;OP_READ;21676;12288
1;0;149060550656;C;2.233034365;OP_READ;0;12288
0;1;149053272064;D;2.233141129;OP_READ;21676;12288
1;0;149053272064;C;2.233291068;OP_READ;0;12288
0;1;149051346944;D;2.233398400;OP_READ;21676;12288
1;0;149051346944;C;2.233536763;OP_READ;0;12288
0;1;149021782016;D;2.233675455;OP_READ;21676;12288
1;0;149021782016;C;2.233813608;OP_READ;0;12288
0;1;148905910272;D;2.233926212;OP_READ;21676;12288
1;0;148905910272;C;2.234049145;OP_READ;0;12288
0;1;147005808640;D;2.234128447;OP_READ;21676;12288
1;0;147005808640;C;2.234267303;OP_READ;0;12288
0;1;146969055232;D;2.234373161;OP_READ;21676;12288
1;0;146969055232;C;2.234510961;OP_READ;0;12288
0;1;146963476480;D;2.234633268;OP_READ;21676;12288
1;0;146963476480;C;2.234755503;OP_READ;0;12288
0;1;146909765632;D;2.234839798;OP_READ;21676;12288
1;0;146909765632;C;2.234976990;OP_READ;0;12288
0;1;146909675520;D;2.235083968;OP_READ;21676;12288
1;0;146909675520;C;2.235222424;OP_READ;0;12288
0;1;146867245056;D;2.235312892;OP_READ;21676;12288
1;0;146867245056;C;2.235450057;OP_READ;0;12288
0;1;146866216960;D;2.235555659;OP_READ;21676;12288
1;0;146866216960;C;2.235677651;OP_READ;0;12288
0;1;146863783936;D;2.235804525;OP_READ;21676;12288
1;0;146863783936;C;2.235943384;OP_READ;0;12288
0;1;146849759232;D;2.236055693;OP_READ;21676;12288
1;0;146849759232;C;2.236178296;OP_READ;0;12288
0;1;146845687808;D;2.236315488;OP_READ;21676;12288
1;0;146845687808;C;2.236437343;OP_READ;0;12288
0;1;146837118976;D;2.236577940;OP_READ;21676;12288
1;0;146837118976;C;2.236700714;OP_READ;0;12288
0;1;146810253312;D;2.236824502;OP_READ;21676;12288
1;0;146810253312;C;2.236965038;OP_READ;0;12288
0;1;146622750720;D;2.237106551;OP_READ;21676;12288
1;0;146622750720;C;2.237245993;OP_READ;0;12288
0;1;146608422912;D;2.237343026;OP_READ;21676;12288
1;0;146608422912;C;2.237465845;OP_READ;0;12288
0;1;146570649600;D;2.237628489;OP_READ;21676;12288
1;0;146570649600;C;2.237767146;OP_READ;0;12288
0;1;146564775936;D;2.241244263;OP_READ;21676;12288
1;0;146564775936;C;2.241392054;OP_READ;0;12288
0;1;146560966656;D;2.241502343;OP_READ;21676;12288
1;0;146560966656;C;2.241641810;OP_READ;0;12288
0;1;146553262080;D;2.241799226;OP_READ;21676;12288
1;0;146553262080;C;2.241964224;OP_READ;0;12288
0;1;49523838976;D;2.242828578;OP_READ;21676;8192
1;0;49523838976;C;2.242958338;OP_READ;0;8192
0;1;49523879936;D;2.244538225;OP_READ;21676;4096
1;0;49523879936;C;2.244660155;OP_READ;21676;4096
0;1;49520181248;D;2.244774911;OP_READ;21676;4096
1;0;49520181248;C;2.244877358;OP_READ;0;4096
0;1;49523777536;D;2.245605057;OP_READ;21676;4096
1;0;49523777536;C;2.245728198;OP_READ;0;4096
0;1;49523744768;D;2.246168818;OP_READ;21676;4096
1;0;49523744768;C;2.246289881;OP_READ;0;4096
0;1;146550960128;D;2.246920899;OP_READ;21676;12288
1;0;146550960128;C;2.247044519;OP_READ;0;12288
0;1;146528456704;D;2.247129953;OP_READ;21676;12288
1;0;146528456704;C;2.247279884;OP_READ;0;12288
0;1;146526326784;D;2.247369194;OP_READ;21676;12288
1;0;146526326784;C;2.247491486;OP_READ;0;12288
0;1;146521071616;D;2.247595488;OP_READ;21676;12288
1;0;146521071616;C;2.247718091;OP_READ;0;12288
0;1;146502725632;D;2.247815098;OP_READ;21676;12288
1;0;146502725632;C;2.247954226;OP_READ;0;12288
0;1;146497626112;D;2.248043228;OP_READ;21676;12288
1;0;146497626112;C;2.248181730;OP_READ;0;12288
0;1;146495660032;D;2.248252747;OP_READ;21676;12288
1;0;146495660032;C;2.248373742;OP_READ;0;12288
0;1;146456915968;D;2.248459071;OP_READ;21676;12288
1;0;146456915968;C;2.248626453;OP_READ;0;12288
0;1;49522991104;D;2.248980669;OP_READ;21676;4096
1;0;49522991104;C;2.249103169;OP_READ;21676;4096
0;1;49523740672;D;2.249745806;OP_READ;21676;4096
1;0;49523740672;C;2.249864274;OP_READ;0;4096
0;1;49520201728;D;2.250146178;OP_READ;21676;4096
1;0;49520201728;C;2.250268527;OP_READ;0;4096
0;1;49523752960;D;2.251941448;OP_READ;21676;4096
1;0;49523752960;C;2.252060989;OP_READ;0;4096
0;1;49523757056;D;2.252080498;OP_READ;21676;16384
1;0;49523757056;C;2.252226586;OP_READ;0;16384
0;1;49523785728;D;2.252726336;OP_READ;21676;4096
1;0;49523785728;C;2.252845895;OP_READ;0;4096
0;1;146342617088;D;2.253417425;OP_READ;21676;12288
1;0;146342617088;C;2.253569501;OP_READ;0;12288
0;1;146426945536;D;2.253635526;OP_READ;21676;12288
1;0;146426945536;C;2.253776284;OP_READ;0;12288
0;1;49520168960;D;2.254169547;OP_READ;21676;12288
1;0;49520168960;C;2.254321607;OP_READ;0;12288
0;1;49533390848;D;2.254595812;OP_READ;21676;4096
1;0;49533390848;C;2.254716957;OP_READ;0;4096
0;1;49528950784;D;2.255122186;OP_READ;21676;8192
1;0;49528950784;C;2.255233370;OP_READ;21676;8192
0;1;49528885248;D;2.256504648;OP_READ;21676;4096
1;0;49528885248;C;2.256606882;OP_READ;0;4096
0;1;49528889344;D;2.256621209;OP_READ;21676;16384
1;0;49528889344;C;2.256746876;OP_READ;0;16384
0;1;49528999936;D;2.257888706;OP_READ;21676;4096
1;0;49528999936;C;2.257991061;OP_READ;0;4096
0;1;49527832576;D;2.258718992;OP_READ;21676;4096
1;0;49527832576;C;2.258838492;OP_READ;0;4096
0;1;49721757696;D;2.259489507;OP_READ;21676;4096
1;2;49721769984;D;2.259492979;OP_READ;21676;4096
2;3;49721778176;D;2.259494498;OP_READ;21676;8192
3;2;49721757696;C;2.259611496;OP_READ;21676;4096
2;1;49721769984;C;2.259617175;OP_READ;21676;4096
1;0;49721778176;C;2.259632974;OP_READ;21676;8192
0;1;168312446976;D;2.300655478;OP_READ;21673;4096
1;0;168312446976;C;2.303965699;OP_READ;0;4096
0;1;49728135168;D;2.305322577;OP_READ;21673;4096
1;0;49728135168;C;2.305466518;OP_READ;0;4096
0;1;49728139264;D;2.305491703;OP_READ;21673;16384
1;0;49728139264;C;2.305662730;OP_READ;0;16384
0;1;168312446976;D;3.311104171;OP_WRITE;21163;8192
1;0;168312446976;C;3.311204838;OP_WRITE;0;8192
0;1;238628446208;D;3.351593096;OP_WRITE;25975;16384
1;0;238628446208;C;3.351709274;OP_WRITE;0;16384
0;1;238628462592;D;3.351749765;OP_WRITE;49;4096
1;0;238628462592;C;3.351794664;OP_WRITE;0;4096
0;1;238496514048;D;3.351803689;OP_WRITE;25975;4096
1;0;238496514048;C;3.351838276;OP_WRITE;0;4096
0;1;-8347648;D;3.370217658;OP_WRITE;21682;4096
1;2;49383870464;D;3.370219970;OP_WRITE;21682;4096
2;3;167495360512;D;3.370222523;OP_WRITE;21682;4096
3;2;-8347648;C;3.370320229;OP_WRITE;0;4096
2;1;49383870464;C;3.370326578;OP_WRITE;0;4096
1;0;167495360512;C;3.370336355;OP_WRITE;0;4096
